98.8673
82.0598
91.38
32.675
78.3136
99.5708
41.6884
90.7219
84.1254
4.2284
57.9628
69.1457
11.7576
100
56.5989
2.10737
100
80.7264
100
82.932
31.612
21.029
100
0
66.7993
98.2566
12.7214
0.0156043
72.8364
37.1135
46.4902
82.4528
0
28.4214
30.1784
53.7486
34.7934
96.1757
0
84.0999
60.3253
0
100
83.9998
49.1071
98.2208
0
32.2322
100
95.5162
54.2749
15.1162
29.0922
18.2143
88.6422
78.9944
90.1836
11.3786
0
2.62919
100
100
0
23.3579
0
59.5151
80.8797
68.3913
0
10.7013
0
0
74.0766
4.71881
68.7192
70.498
91.832
47.5164
79.9499
50.4405
0
90.0322
100
81.9533
100
80.7207
66.5316
